1595,16
1595,15
1595,14
1593,63
1593,53
1593,62
1593,61
1593,33
1593,60
1593,41
1593,59
1593,58
1593,32
1593,57
1593,56
1593,55
1593,23
1593,54
1593,37
1593,52
1593,51
1593,22
1593,50
1593,49
1593,48
1593,35
1593,31
1593,47
1593,46
1593,28
1593,45
1517,11
1517,10
1556,50
1576,15
1581,19
1581,18
1581,8
1581,17
1556,49
1556,40
1534,25
1556,48
1581,16
1534,24
1556,47
1581,15
1581,14
1556,46
1534,23
1534,22
1534,21
1534,4
1576,14
1556,45
1556,35
1581,13
1556,44
1534,20
1576,13
1576,12
1581,12
1534,19
1556,43
1581,11
1534,18
1556,42
1556,41
1556,31
1581,10
1556,25
1581,9
1556,39
1556,28
1534,17
1556,38
1556,37
1556,21
1596,12
1596,11
1596,10
1594,15
1594,14
1594,13
1593,44
1593,43
1593,25
1593,42
1593,40
1593,8
1593,39
1593,38
1593,36
1593,4
1593,34
1593,30
1593,10
1593,9
1593,7
1593,29
1593,27
1593,11
1593,26
1593,24
1593,6
1593,5
1593,21
1593,20
1593,19
1593,18
1593,17
1593,16
1593,15
1593,14
1593,13
1593,12
1567,32
1556,36
1534,16
1567,31
1556,23
1556,34
1556,20
1556,33
1567,30
1562,14
1534,15
1556,32
1567,29
1517,9
1567,28
1556,30
1567,27
1567,26
1567,25
1567,24
1556,5
1567,6
1567,4
1556,29
1534,14
1517,8
1556,27
1567,23
1567,22
1556,4
1567,7
1567,21
1556,26
1556,19
1567,20
1534,13
1556,24
1556,16
1567,19
1562,13
1567,18
1567,17
1567,8
1556,22
1567,16
1534,12
1556,8
1556,18
1556,6
1556,17
1567,15
1562,12
1562,11
1534,11
1556,15
1556,7
1567,14
1556,14
1552,9
1567,13
1556,13
1534,10
1567,12
1552,8
1556,12
1567,11
1556,11
1567,10
1534,9
1556,10
1556,9
1588,19
1588,18
1588,17
1588,5
1588,16
1588,15
1588,14
1588,4
1588,13
1588,12
1588,11
1588,10
1588,9
1567,9
1534,8
1534,7
1517,7
1517,6
1549,19
1549,18
1549,17
1549,16
1549,9
1549,15
1549,14
1549,13
1549,12
1549,11
1549,10
1518,4
1609,9
1609,8
1609,7
1609,6
1609,5
1609,4
1609,3
1609,2
1609,1
1609,0
1608,6
1608,5
1608,4
1608,3
1608,2
1608,1
1608,0
2,35
1607,6
1607,5
1607,4
1607,3
1607,2
1607,1
1607,0
1606,12
1606,11
1606,10
1606,9
1606,8
1606,7
1606,6
1606,5
1606,4
1606,3
1606,2
1606,1
1606,0
1605,12
1605,11
1605,10
1605,9
1605,8
1605,7
1605,6
1605,5
1605,4
1605,3
1605,2
1605,1
1605,0
1604,6
1604,5
1604,4
1604,3
1604,2
1604,1
1604,0
1603,6
1603,5
1603,4
1603,3
1603,2
1603,1
1603,0
1602,13
1602,12
1602,11
1602,10
1602,9
1602,8
1602,7
1602,6
1602,5
1602,4
1602,3
1602,2
1602,1
1602,0
1601,5
1601,4
1601,3
1601,2
1601,1
1601,0
1600,4
1600,3
1600,2
1600,1
1600,0
1599,3
1599,2
1599,1
1599,0
1598,6
1598,5
1598,4
1598,3
1598,2
1598,1
1598,0
1597,6
1597,5
1597,4
1597,3
1597,2
1597,1
1597,0
1596,9
1596,8
1596,7
1596,6
1596,5
1596,4
1596,3
1596,2
1596,1
1596,0
1595,13
1595,12
1595,11
1595,10
1595,9
1595,8
1595,7
1595,6
1595,5
1595,4
1595,3
1595,2
1595,1
1595,0
1594,12
1594,11
1594,10
1594,9
1594,8
1594,7
1594,6
1594,5
1594,4
1594,3
1594,2
1594,1
1594,0
1593,3
1593,2
1593,1
1593,0
1592,6
1592,5
1592,4
1592,3
1592,2
1592,1
1592,0
1591,7
1591,6
1591,5
1591,4
1591,3
1591,2
1591,1
1591,0
1590,6
1590,5
1590,4
1590,3
1590,2
1590,1
1590,0
1589,6
1589,5
1589,4
1589,3
1589,2
1589,1
1589,0
1588,8
1588,7
1588,6
1588,3
1588,2
1588,1
1588,0
1587,5
1587,4
1587,3
1587,2
1587,1
1587,0
1586,6
1586,5
1586,4
1586,3
1586,2
1586,1
1586,0
1585,3
1585,2
1585,1
1585,0
1584,5
1584,4
1584,3
1584,2
1584,1
1584,0
1583,4
1583,3
1583,2
1583,1
1583,0
1582,3
1582,2
1582,1
1582,0
1581,7
1581,6
1581,5
1581,4
1581,3
1581,2
1581,1
1581,0
1580,6
1580,5
1580,4
1580,3
1580,2
1580,1
1580,0
1579,5
1579,4
1579,3
1579,2
1579,1
1579,0
1578,4
1578,3
1578,2
1578,1
1578,0
1577,3
1577,2
1577,1
1577,0
1576,11
1576,10
1576,9
1576,8
1576,7
1576,6
1576,5
1576,4
1576,3
1576,2
1576,1
1576,0
1575,7
1575,6
1575,5
1575,4
1575,3
1575,2
1575,1
1575,0
1574,6
1574,5
1574,4
1574,3
1574,2
1574,1
1574,0
1573,5
1573,4
1573,3
1573,2
1573,1
1573,0
1572,4
1572,3
1572,2
1572,1
1572,0
1571,3
1571,2
1571,1
1571,0
1570,5
1570,4
1570,3
1570,2
1570,1
1570,0
1569,4
1569,3
1569,2
1569,1
1569,0
1568,3
1568,2
1568,1
1568,0
1567,5
1567,3
1567,2
1567,1
1567,0
1566,6
1566,5
1566,4
1566,3
1566,2
1566,1
1566,0
1565,5
1565,4
1565,3
1565,2
1565,1
1565,0
1564,4
1564,3
1564,2
1564,1
1564,0
1563,3
1563,2
1563,1
1563,0
1562,10
1562,9
1562,8
1562,7
1562,6
1562,5
1562,4
1562,3
1562,2
1562,1
1562,0
1561,7
1561,6
1561,5
1561,4
1561,3
1561,2
1561,1
1561,0
1560,6
1560,5
1560,4
1560,3
1560,2
1560,1
1560,0
1559,5
1559,4
1559,3
1559,2
1559,1
1559,0
1558,4
1558,3
1558,2
1558,1
1558,0
1557,3
1557,2
1557,1
1557,0
1556,3
1556,2
1556,1
1556,0
1555,5
1555,4
1555,3
1555,2
1555,1
1555,0
1554,4
1554,3
1554,2
1554,1
1554,0
1553,3
1553,2
1553,1
1553,0
1552,7
1552,6
1552,5
1552,4
1552,3
1552,2
1552,1
1552,0
1551,4
1551,3
1551,2
1551,1
1551,0
1550,3
1550,2
1550,1
1550,0
1549,8
1549,7
1549,6
1549,5
1549,4
1549,3
1549,2
1549,1
1549,0
1548,6
1548,5
1548,4
1548,3
1548,2
1548,1
1548,0
1547,5
1547,4
1547,3
1547,2
1547,1
1547,0
1546,4
1546,3
1546,2
1546,1
1546,0
1545,3
1545,2
1545,1
1545,0
1544,5
1544,4
1544,3
1544,2
1544,1
1544,0
1543,5
1543,4
1543,3
1543,2
1543,1
1543,0
1542,5
1542,4
1542,3
1542,2
1542,1
1542,0
1541,4
1541,3
1541,2
1541,1
1541,0
1540,5
1540,4
1540,3
1540,2
1540,1
1540,0
1539,6
1539,5
1539,4
1539,3
1539,2
1539,1
1539,0
1538,8
1538,7
1538,6
1538,5
1538,4
1538,3
1538,2
1538,1
1538,0
1537,4
1537,3
1537,2
1537,1
1537,0
1536,3
1536,2
1536,1
1536,0
1535,6
1535,5
1535,4
1535,3
1535,2
1535,1
1535,0
1534,6
1534,5
1534,3
1534,2
1534,1
1534,0
1533,6
1533,5
1533,4
1533,3
1533,2
1533,1
1533,0
1532,6
1532,5
1532,4
1532,3
1532,2
1532,1
1532,0
1531,4
1531,3
1531,2
1531,1
1531,0
1530,3
1530,2
1530,1
1530,0
1529,3
1529,2
1529,1
1529,0
1528,4
1528,3
1528,2
1528,1
1528,0
1527,4
1527,3
1527,2
1527,1
1527,0
1526,4
1526,3
1526,2
1526,1
1526,0
1525,4
1525,3
1525,2
1525,1
1525,0
1524,4
1524,3
1524,2
1524,1
1524,0
1523,4
1523,3
1523,2
1523,1
1523,0
1522,4
1522,3
1522,2
1522,1
1522,0
1521,3
1521,2
1521,1
1521,0
1520,4
1520,3
1520,2
1520,1
1520,0
1519,3
1519,2
1519,1
1519,0
1518,3
1518,2
1518,1
1518,0
1517,5
1517,4
1517,3
1517,2
1517,1
1517,0
1516,3
1516,2
1516,1
1516,0
1515,4
1515,3
1515,2
1515,1
1515,0
1514,3
1514,2
1514,1
1514,0
1513,9
1513,8
1513,7
1513,6
1513,5
1513,4
1513,3
1513,2
1513,1
1513,0
1512,6
1512,5
1512,4
1512,3
1512,2
1512,1
1512,0
2,34
1511,6
1511,5
1511,4
1511,3
1511,2
1511,1
1511,0
1510,12
1510,11
1510,10
1510,9
1510,8
1510,7
1510,6
1510,5
1510,4
1510,3
1510,2
1510,1
1510,0
1509,12
1509,11
1509,10
1509,9
1509,8
1509,7
1509,6
1509,5
1509,4
1509,3
1509,2
1509,1
1509,0
1508,6
1508,5
1508,4
1508,3
1508,2
1508,1
1508,0
1507,6
1507,5
1507,4
1507,3
1507,2
1507,1
1507,0
1506,13
1506,12
1506,11
1506,10
1506,9
1506,8
1506,7
1506,6
1506,5
1506,4
1506,3
1506,2
1506,1
1506,0
1505,5
1505,4
1505,3
1505,2
1505,1
1505,0
1504,4
1504,3
1504,2
1504,1
1504,0
1503,3
1503,2
1503,1
1503,0
1502,6
1502,5
1502,4
1502,3
1502,2
1502,1
1502,0
1501,6
1501,5
1501,4
1501,3
1501,2
1501,1
1501,0
1500,9
1500,8
1500,7
1500,6
1500,5
1500,4
1500,3
1500,2
1500,1
1500,0
1499,13
1499,12
1499,11
1499,10
1499,9
1499,8
1499,7
1499,6
1499,5
1499,4
1499,3
1499,2
1499,1
1499,0
1498,12
1498,11
1498,10
1498,9
1498,8
1498,7
1498,6
1498,5
1498,4
1498,3
1498,2
1498,1
1498,0
1497,11
1497,10
1497,9
1497,8
1497,7
1497,6
1497,5
1497,4
1497,3
1497,2
1497,1
1497,0
1496,6
1496,5
1496,4
1496,3
1496,2
1496,1
1496,0
1495,7
1495,6
1495,5
1495,4
1495,3
1495,2
1495,1
1495,0
1494,6
1494,5
1494,4
1494,3
1494,2
1494,1
1494,0
1493,6
1493,5
1493,4
1493,3
1493,2
1493,1
1493,0
1492,8
1492,7
1492,6
1492,5
1492,4
1492,3
1492,2
1492,1
1492,0
1491,5
1491,4
1491,3
1491,2
1491,1
1491,0
1490,6
1490,5
1490,4
1490,3
1490,2
1490,1
1490,0
1489,3
1489,2
1489,1
1489,0
1488,5
1488,4
1488,3
1488,2
1488,1
1488,0
1487,4
1487,3
1487,2
1487,1
1487,0
1486,3
1486,2
1486,1
1486,0
1485,8
1485,7
1485,6
1485,5
1485,4
1485,3
1485,2
1485,1
1485,0
1484,6
1484,5
1484,4
1484,3
1484,2
1484,1
1484,0
1483,5
1483,4
1483,3
1483,2
1483,1
1483,0
1482,4
1482,3
1482,2
1482,1
1482,0
1481,3
1481,2
1481,1
1481,0
1480,11
1480,10
1480,9
1480,8
1480,7
1480,6
1480,5
1480,4
1480,3
1480,2
1480,1
1480,0
1479,7
1479,6
1479,5
1479,4
1479,3
1479,2
1479,1
1479,0
1478,6
1478,5
1478,4
1478,3
1478,2
1478,1
1478,0
1477,5
1477,4
1477,3
1477,2
1477,1
1477,0
1476,4
1476,3
1476,2
1476,1
1476,0
1475,3
1475,2
1475,1
1475,0
1474,5
1474,4
1474,3
1474,2
1474,1
1474,0
1473,4
1473,3
1473,2
1473,1
1473,0
1472,3
1472,2
1472,1
1472,0
1471,8
1471,7
1471,6
1471,5
1471,4
1471,3
1471,2
1471,1
1471,0
1470,6
1470,5
1470,4
1470,3
1470,2
1470,1
1470,0
1469,5
1469,4
1469,3
1469,2
1469,1
1469,0
1468,4
1468,3
1468,2
1468,1
1468,0
1467,3
1467,2
1467,1
1467,0
1466,10
1466,9
1466,8
1466,7
1466,6
1466,5
1466,4
1466,3
1466,2
1466,1
1466,0
1465,7
1465,6
1465,5
1465,4
1465,3
1465,2
1465,1
1465,0
1464,6
1464,5
1464,4
1464,3
1464,2
1464,1
1464,0
1463,5
1463,4
1463,3
1463,2
1463,1
1463,0
1462,4
1462,3
1462,2
1462,1
1462,0
1461,3
1461,2
1461,1
1461,0
1460,8
1460,7
1460,6
1460,5
1460,4
1460,3
1460,2
1460,1
1460,0
1459,5
1459,4
1459,3
1459,2
1459,1
1459,0
1458,4
1458,3
1458,2
1458,1
1458,0
1457,3
1457,2
1457,1
1457,0
1456,7
1456,6
1456,5
1456,4
1456,3
1456,2
1456,1
1456,0
1455,4
1455,3
1455,2
1455,1
1455,0
1454,3
1454,2
1454,1
1454,0
1453,9
1453,8
1453,7
1453,6
1453,5
1453,4
1453,3
1453,2
1453,1
1453,0
1452,6
1452,5
1452,4
1452,3
1452,2
1452,1
1452,0
1451,5
1451,4
1451,3
1451,2
1451,1
1451,0
1450,4
1450,3
1450,2
1450,1
1450,0
1449,3
1449,2
1449,1
1449,0
1448,5
1448,4
1448,3
1448,2
1448,1
1448,0
1447,5
1447,4
1447,3
1447,2
1447,1
1447,0
1446,5
1446,4
1446,3
1446,2
1446,1
1446,0
1445,4
1445,3
1445,2
1445,1
1445,0
1444,5
1444,4
1444,3
1444,2
1444,1
1444,0
1443,6
1443,5
1443,4
1443,3
1443,2
1443,1
1443,0
1442,8
1442,7
1442,6
1442,5
1442,4
1442,3
1442,2
1442,1
1442,0
1441,4
1441,3
1441,2
1441,1
1441,0
1440,3
1440,2
1440,1
1440,0
1439,6
1439,5
1439,4
1439,3
1439,2
1439,1
1439,0
1438,6
1438,5
1438,4
1438,3
1438,2
1438,1
1438,0
1437,6
1437,5
1437,4
1437,3
1437,2
1437,1
1437,0
1436,6
1436,5
1436,4
1436,3
1436,2
1436,1
1436,0
1435,4
1435,3
1435,2
1435,1
1435,0
1434,3
1434,2
1434,1
1434,0
1433,3
1433,2
1433,1
1433,0
1432,4
1432,3
1432,2
1432,1
1432,0
1431,4
1431,3
1431,2
1431,1
1431,0
1430,4
1430,3
1430,2
1430,1
1430,0
1429,4
1429,3
1429,2
1429,1
1429,0
1428,4
1428,3
1428,2
1428,1
1428,0
1427,4
1427,3
1427,2
1427,1
1427,0
1426,4
1426,3
1426,2
1426,1
1426,0
1425,3
1425,2
1425,1
1425,0
1424,4
1424,3
1424,2
1424,1
1424,0
1423,3
1423,2
1423,1
1423,0
1422,3
1422,2
1422,1
1422,0
1421,5
1421,4
1421,3
1421,2
1421,1
1421,0
1420,3
1420,2
1420,1
1420,0
1419,4
1419,3
1419,2
1419,1
1419,0
1418,3
1418,2
1418,1
1418,0
1404,18
1404,17
1404,6
1404,16
1404,15
1404,14
1404,4
1404,13
0,310
0,305
0,446
0,308
0,307
0,302
0,304
0,303
0,350
0,12
0,578
0,10
0,8
0,0
0,415
0,334
0,300
0,397
0,412
0,299
0,550
0,472
0,298
0,455
0,411
0,297
0,330
0,410
0,296
0,409
0,295
0,527
0,382
0,294
0,428
0,407
0,293
0,567
0,559
0,292
0,566
0,564
0,291
0,637
0,404
0,290
0,565
0,482
0,289
0,526
0,558
0,288
0,623
0,403
0,287
0,431
0,402
0,286
0,584
0,401
0,285
0,405
0,284
0,525
0,395
0,283
0,524
0,471
0,282
0,523
0,360
0,281
0,562
0,463
0,280
0,544
0,394
0,279
0,393
0,517
0,278
0,391
0,481
0,277
0,543
0,388
0,276
0,557
0,551
0,275
0,530
0,387
0,274
0,386
0,273
0,574
0,385
0,272
0,522
0,456
0,271
0,555
0,384
0,270
0,521
0,618
0,269
0,549
0,542
0,268
0,573
0,381
0,267
0,629
0,520
0,266
0,571
0,460
0,265
0,427
0,380
0,264
0,447
0,379
0,263
0,378
0,262
0,561
0,519
0,261
0,495
0,377
0,260
0,518
0,345
0,259
0,473
0,588
0,258
0,577
0,374
0,257
0,516
0,419
0,256
0,462
0,450
0,255
0,333
0,373
0,254
0,470
0,372
0,253
0,461
0,371
0,252
0,515
0,512
0,251
0,370
0,250
0,466
0,586
0,249
0,514
0,501
0,248
0,487
0,367
0,247
0,569
0,585
0,246
0,511
0,582
0,245
0,492
0,366
0,244
0,572
0,365
2,3
2,14
2,1
2,24
0,319
1325,0
0,322
0,325
1325,3
1325,1
0,344
1325,5
1327,0
0,368
0,369
0,375
0,376
0,392
0,399
0,406
0,408
0,414
0,418
0,421
0,424
0,430
0,433
0,457
0,464
0,491
0,494
0,498
0,507
0,529
0,537
0,538
0,540
0,545
0,552
0,556
0,560
0,594
0,597
0,599
0,601
0,602
0,604
0,605
0,607
0,608
0,613
0,615
0,617
0,620
0,621
0,624
0,626
0,627
0,630
0,631
0,633
0,635
0,638
2,2
2,4
2,6
2,7
2,9
2,11
2,12
2,15
2,16
2,18
2,19
2,21
2,23
2,25
2,26
3,3
3,1
2,29
2,30
2,32
2,33
25,1
25,3
26,0
26,2
26,3
27,0
27,1
27,3
28,1
28,2
28,4
28,5
29,1
29,3
30,0
30,2
30,3
31,1
31,2
31,4
32,1
32,2
33,0
33,1
33,3
34,0
34,1
34,3
34,4
35,1
35,2
35,4
37,1
37,2
37,4
39,0
39,2
39,4
42,0
42,2
42,3
45,0
45,1
45,3
45,5
45,6
67,1
67,2
68,0
68,2
68,3
69,0
69,1
69,3
70,1
70,2
70,4
70,5
71,1
71,2
72,0
72,2
72,3
73,1
73,2
73,4
74,1
74,2
75,0
75,1
75,3
75,4
76,1
76,3
76,4
77,1
77,2
77,4
79,1
79,2
79,4
81,0
81,2
81,3
84,0
84,2
84,3
87,0
87,1
87,3
87,5
87,6
1225,1
1225,2
1322,0
1322,2
1322,3
1323,1
1323,2
1323,4
1324,0
1324,2
1325,2
1325,4
1325,7
1325,8
1325,10
1325,12
1325,13
1325,15
1325,16
1326,0
1326,1
1326,3
1327,2
1328,0
1328,2
1328,3
1329,0
1329,2
1329,3
1330,1
1330,2
1330,4
1331,0
1331,2
1331,4
1332,0
1332,2
1332,3
1334,0
1334,2
1334,3
1336,0
1336,1
1336,3
1336,4
1339,1
1339,3
1339,4
1342,1
1342,2
1342,4
1342,6
1342,7
1342,9
1342,10
1342,12
1342,14
1342,15
1342,17
1342,18
1342,20
1342,21
1342,23
1342,25
1342,26
1343,1
1343,2
1343,4
1343,6
1346,0
1346,2
1346,3
1346,5
1346,6
1346,8
1347,1
1347,2
1347,4
1347,5
1348,0
1348,2
1348,3
1348,5
1349,0
1349,2
1349,3
1350,0
1350,2
1350,3
1350,5
1351,0
1351,2
1351,4
1351,5
1352,1
1352,2
1352,4
1357,0
1357,1
1357,3
1357,4
1357,6
1357,7
1357,9
1357,11
1357,12
1357,14
1357,15
1357,17
1357,19
1360,0
1360,2
1360,3
1360,5
1360,6
1360,8
1360,10
1360,11
1364,0
1364,1
1364,3
1364,5
1364,6
1364,8
1364,9
1364,11
1364,12
1364,14
1364,16
1364,17
1364,19
1364,20
1364,22
1364,24
1364,25
1364,27
1364,28
1364,30
1364,32
1364,33
1364,35
1364,36
1364,38
1364,39
1364,41
1364,43
1364,44
1364,46
1364,47
1364,49
1364,51
1364,52
1364,54
1364,55
1364,57
1364,58
1364,60
1364,62
1364,63
1364,65
1364,66
1364,68
1364,70
1364,71
1364,73
1364,74
1364,76
1364,77
1364,129
1370,0
1370,1
1370,3
1370,4
1370,6
1370,8
1370,9
1370,11
1370,12
1370,14
1375,0
1375,2
1375,4
1375,5
1375,7
1375,8
1375,10
1375,12
1375,13
1375,15
1375,16
1375,18
1375,20
1375,21
1375,23
1375,24
1375,26
1375,27
1375,29
1375,31
1375,32
1378,1
1378,2
1378,4
1384,0
1384,1
1384,3
1384,4
1384,6
1384,7
1384,9
1384,11
1384,12
1384,14
1384,15
1389,1
1389,3
1389,4
1389,6
1389,7
1389,9
1389,10
1389,12
1389,14
1389,15
1389,17
1389,18
1392,0
1392,2
1392,3
1392,5
1394,0
1394,2
1394,4
1394,5
1395,0
1395,1
1395,3
1395,4
1396,0
1396,2
1396,3
1396,5
1396,6
1396,8
1396,10
1396,11
1396,13
1396,14
1396,16
1396,17
1396,19
1397,1
1397,2
1397,4
1397,5
1398,0
1398,2
1398,3
1398,5
1398,6
1399,1
1399,2
1399,4
1399,6
1399,7
1400,1
1400,2
1400,4
1400,6
1401,0
1401,2
1401,3
1401,5
1401,6
1401,8
1401,10
1401,11
1401,13
1401,14
1401,16
1401,18
1401,19
1401,21
1401,22
1401,24
1401,26
1401,27
1401,29
1401,30
1401,32
1401,33
1401,35
1401,37
1401,38
1401,40
1401,41
1401,43
1401,45
1401,46
1401,48
1401,49
1401,51
1401,52
1401,54
1401,56
1401,57
1401,59
1401,60
1401,62
1401,64
1401,65
1401,67
1401,68
1401,70
1401,71
1401,73
1401,75
1401,76
1401,78
1401,79
1401,81
1401,83
1401,84
1401,86
1401,87
1401,89
1401,128
1401,129
1401,131
1401,132
1401,134
1402,0
1402,2
1402,4
1402,5
1402,7
1402,8
1402,10
1402,12
1402,13
1402,15
1403,0
1403,2
1403,3
1403,5
1403,7
1403,8
1403,10
1403,11
1403,13
1403,15
1403,16
1404,1
1404,2
1404,5
1404,7
1404,9
1404,10
1404,12
1405,0
1405,2
1405,4
1405,5
1406,0
1406,1
1406,3
1406,4
1406,6
1410,1
1410,2
1410,4
1410,5
1410,7
1410,9
1410,10
1410,12
1410,13
1411,1
1411,3
1411,4
1411,6
1412,0
1412,2
1412,3
1412,5
1413,0
1413,1
1413,3
1413,4
1413,6
1413,8
1413,9
1413,11
1413,12
1414,1
1414,2
1414,4
1414,6
1414,7
1414,9
1414,10
1414,12
1415,1
1415,2
1415,4
1415,5
1416,0
1416,1
1416,3
1416,5
1416,6
1417,1
1417,2
1417,4
1417,6
1417,7
1417,9
1417,8
1417,5
1417,3
1417,0
1416,4
1416,2
1415,6
1415,3
1415,0
1414,11
1414,8
1414,5
1414,3
1414,0
1413,10
1413,7
1413,5
1413,2
1412,6
1412,4
1412,1
1411,5
1411,2
1411,0
1410,11
1410,8
1410,6
1410,3
1410,0
1406,5
1406,2
1405,6
1405,3
1405,1
1404,11
1404,8
1404,3
1404,0
1403,14
1403,12
1403,9
1403,6
1403,4
1403,1
1402,14
1402,11
1402,9
1402,6
1402,3
1402,1
1401,133
1401,130
1401,90
1401,88
1401,85
1401,82
1401,80
1401,77
1401,74
1401,72
1401,69
1401,66
1401,63
1401,61
1401,58
1401,55
1401,53
1401,50
1401,47
1401,44
1401,42
1401,39
1401,36
1401,34
1401,31
1401,28
1401,25
1401,23
1401,20
1401,17
1401,15
1401,12
1401,9
1401,7
1401,4
1401,1
1400,5
1400,3
1400,0
1399,5
1399,3
1399,0
1398,4
1398,1
1397,6
1397,3
1397,0
1396,18
1396,15
1396,12
1396,9
1396,7
1396,4
1396,1
1395,5
1395,2
1394,6
1394,3
1394,1
1392,4
1392,1
1389,19
1389,16
1389,13
1389,11
1389,8
1389,5
1389,2
1389,0
1384,13
1384,10
1384,8
1384,5
1384,2
1378,5
1378,3
1378,0
1375,30
1375,28
1375,25
1375,22
1375,19
1375,17
1375,14
1375,11
1375,9
1375,6
1375,3
1375,1
1370,13
1370,10
1370,7
1370,5
1370,2
1364,130
1364,128
1364,75
1364,72
1364,69
1364,67
1364,64
1364,61
1364,59
1364,56
1364,53
1364,50
1364,48
1364,45
1364,42
1364,40
1364,37
1364,34
1364,31
1364,29
1364,26
1364,23
1364,21
1364,18
1364,15
1364,13
1364,10
1364,7
1364,4
1364,2
1360,12
1360,9
1360,7
1360,4
1360,1
1357,18
1357,16
1357,13
1357,10
1357,8
1357,5
1357,2
1352,5
1352,3
1352,0
1351,3
1351,1
1350,4
1350,1
1349,4
1349,1
1348,4
1348,1
1347,6
1347,3
1347,0
1346,7
1346,4
1346,1
1343,5
1343,3
1343,0
1342,24
1342,22
1342,19
1342,16
1342,13
1342,11
1342,8
1342,5
1342,3
1342,0
1339,2
1339,0
1336,2
1334,4
1334,1
1332,4
1332,1
1331,3
1331,1
1330,3
1330,0
1329,1
1328,4
1328,1
1326,4
1326,2
1325,17
1325,14
1325,11
1325,9
1325,6
1324,3
1324,1
1323,3
1323,0
1322,1
1225,3
1225,0
87,4
87,2
84,4
84,1
81,4
81,1
79,3
79,0
77,3
77,0
76,2
76,0
75,2
74,3
74,0
73,3
73,0
72,1
71,3
71,0
70,3
70,0
69,2
68,4
68,1
67,3
67,0
45,4
45,2
42,4
42,1
39,3
39,1
37,3
37,0
35,3
35,0
34,2
33,4
33,2
32,3
32,0
31,3
31,0
30,1
29,2
29,0
28,3
28,0
27,2
26,4
26,1
25,2
25,0
2,31
2,28
2,27
3,0
2,22
2,20
2,17
2,13
2,10
2,8
2,5
0,639
0,636
0,632
0,628
0,625
0,622
0,619
0,614
0,612
0,606
0,603
0,600
0,598
0,563
0,554
0,547
0,539
0,533
0,513
0,496
0,479
0,444
0,432
0,422
0,417
0,413
0,400
0,383
1327,1
1327,3
0,351
0,337
0,329
0,581
0,320
0,318
0,243
2,0
1,1
1,3
1,0
0,9
0,242
0,469
0,364
0,241
0,534
0,363
0,240
0,510
0,570
0,239
0,497
0,362
0,238
0,459
0,575
0,237
0,509
0,440
0,236
0,443
0,359
0,235
0,468
0,508
0,234
0,458
0,233
0,358
0,232
0,583
0,357
0,231
0,486
0,356
0,230
0,480
0,355
0,229
0,361
0,354
0,228
0,490
0,353
0,227
0,506
0,485
0,226
0,439
0,352
0,225
0,453
0,596
0,224
0,505
0,398
0,223
0,541
0,349
0,222
0,493
0,452
0,221
0,504
0,579
0,220
0,484
0,348
0,219
0,595
0,347
0,218
0,467
0,346
0,217
0,503
0,593
0,216
0,449
0,454
0,215
0,396
0,343
0,214
0,420
0,342
0,213
0,465
0,341
0,212
0,478
0,340
0,211
0,339
0,210
0,589
0,338
0,209
0,389
0,208
0,611
0,336
0,207
0,445
0,206
0,610
0,335
0,205
0,442
0,488
0,204
0,441
0,548
0,203
0,536
0,332
0,202
0,553
0,438
0,201
0,580
0,500
0,200
0,429
0,331
0,199
0,437
0,434
0,198
0,436
0,591
0,197
0,416
0,328
0,196
0,499
0,609
0,195
0,531
0,535
0,194
0,590
0,327
0,193
0,568
0,326
0,192
0,63
0,587
0,324
0,62
0,616
0,323
0,61
0,502
0,321
0,60
0,592
0,426
0,59
0,634
0,58
0,425
0,576
0,57
0,483
0,477
0,56
0,451
0,317
0,55
0,528
0,532
0,54
0,546
0,423
0,53
0,316
0,52
0,390
0,315
0,51
0,448
0,314
0,50
0,476
0,313
0,49
0,489
0,312
0,48
0,311
0,47
0,475
0,309
0,46
0,474
0,306
0,45
0,301
0,6
0,5
0,1
0,435
0,11
0,4
0,2
0,3
0,7
